3.9916
4.0133
4.0353
4.0575
4.0800
4.1027
4.1257
4.1490
4.1725
4.1962
4.2203
4.2446
4.2692
4.2941
4.3193
4.3447
4.3705
4.3966
4.4230
4.4498
4.4768
4.5042
4.5320
4.5601
4.5885
4.6173
4.6465
4.6761
4.7060
4.7364
4.7671
4.7983
4.8299
4.8619
4.8944
4.9273
4.9606
4.9945
5.0288
5.0636
5.0989
5.1348
5.1711
5.2080
5.2455
5.2835
5.3221
5.3613
5.4011
5.4415
5.4826
5.5243
5.5668
5.6099
5.6537
5.6982
5.7435
5.7896
5.8364
5.8841
5.9326
5.9820
6.0322
6.0834
6.1355
6.1885
6.2426
6.2977
6.3538
6.4111
6.4694
6.5289
6.5896
6.6516
6.7148
6.7793
6.8452
6.9125
6.9813
7.0516
7.1234
7.1969
7.2721
7.3490
7.4277
7.5082
7.5908
7.6753
7.7620
7.8508
7.9420
8.0355
8.1315
8.2301
8.3314
8.4355
8.5426
8.6527
8.7661
8.8829
9.0032
9.1272
9.2552
9.3873
9.5237
9.6647
9.8105
9.9614
10.1176
10.2796
10.4475
10.6219
10.8030
10.9914
11.1875
11.3918
11.6049
11.8274
12.0600
12.3034
12.5584
12.8261
13.1074
13.4035
13.7155
14.0451
14.3938
14.7634
15.1561
15.5741
16.0203
16.4979
17.0104
17.5622
18.1584
18.8049
19.5089
20.2790
21.1259
22.0625