7.94	10794075	-6.75085
7.94	7605494	-6.15727
7.94	10104111	-6.61237
7.94	11550858	-6.8216
7.94	7948678	-6.21963
7.94	11292634	-6.8216
7.94	12629666	-7.04017
7.94	3032300	-4.87663
7.94	14786046	-7.26871
7.94	6099720	-5.80014
7.94	2236301	-4.56612
7.94	2554673	-4.69633
7.94	12351489	-6.96624
7.94	4788593	-5.46965
7.94	6948810	-6.03506
7.94	4017222	-5.26258
8.12	2094520	-4.48157
8.12	12089919	-6.89339
8.12	7952087	-6.21963
8.12	7107003	-6.03506
8.12	3448899	-5.06515
8.12	14149344	-7.19138
8.12	11558008	-6.8216
8.12	4897137	-5.52302
8.12	7110016	-6.03506
8.12	13529887	-7.11521
8.12	2143487	-4.52363
8.12	6515907	-5.91606
8.12	7611835	-6.15727
8.12	6370254	-5.85772
8.12	2967587	-4.87663
8.12	7440097	-6.09576
8.12	11294842	-6.8216
8.12	2498336	-4.65246
8.12	3686697	-5.11365
8.12	7110466	-6.03506
8.12	5842731	-5.7433
8.12	11558008	-6.8216
8.12	2046921	-4.43995
8.12	11820958	-6.89339
8.12	4790341	-5.46965
8.12	2445478	-4.65246
8.12	7436410	-6.09576
8.12	10339033	-6.68112
8.12	1154392	-3.86212
8.12	12085938	-6.89339
8.12	13226534	-7.11521
8.12	4198316	-5.31341
8.12	1179665	-3.89817
8.12	3449236	-5.06515
8.12	12638346	-7.04017
8.12	1795716	-4.31758
8.12	13839876	-7.19138
8.12	13839470	-7.19138
8.12	4583865	-5.41693
8.12	13524837	-7.11521
8.12	12355720	-6.96624
8.31	1061742	-3.79096
8.31	7617204	-6.15727
8.31	2841928	-4.83081
8.31	745717	-3.48533
8.31	881522	-3.61835
8.31	13534640	-7.11521
8.31	8313481	-6.28284
8.31	2969884	-4.87663
8.31	12096714	-6.89339
8.31	9071904	-6.4119
8.31	12934886	-7.04017
8.31	8873784	-6.4119
8.31	7617560	-6.15727
8.31	3308267	-5.01721
8.31	8876098	-6.4119
8.31	9476576	-6.47778
8.31	1920430	-4.39875
8.31	13844761	-7.19138
8.31	9686586	-6.5446
8.31	11827085	-6.89339
8.31	5593758	-5.68718
8.31	10343060	-6.68112
8.31	10344381	-6.68112
8.31	1396144	-4.04569
8.31	5721872	-5.7433
8.31	6376826	-5.85772
8.31	10111851	-6.61237
8.31	2005289	-4.43995
8.31	10803683	-6.75085
8.31	5594458	-5.68718
8.31	1083882	-3.82639
8.31	3769753	-5.16271
8.31	8311411	-6.28284
8.31	4587086	-5.41693
8.31	231038	-2.54963
8.31	1522468	-4.15998
8.31	8130825	-6.21963
8.31	10807000	-6.75085
8.31	3854650	-5.21235
8.31	9897608	-6.5446
8.31	9475490	-6.47778
8.31	4020668	-5.26258
8.31	5595190	-5.68718
8.31	334193	-2.82104
8.31	6658207	-5.91606
8.31	13536979	-7.11521
8.31	1725990	-4.2776
8.31	4792053	-5.46965
8.31	10803598	-6.75085
8.31	11561685	-6.8216
8.31	12094617	-6.89339
8.31	3688428	-5.11365
8.31	3938670	-5.21235
8.31	1880083	-4.35796
8.31	2143843	-4.52363
8.31	9478279	-6.47778
8.31	12359552	-6.96624
8.31	10807418	-6.75085
8.31	13841902	-7.19138
8.31	12939729	-7.04017
8.31	2397450	-4.60906
8.31	778483	-3.51818
8.31	7783898	-6.15727
8.31	658267	-3.35649
8.52	456555	-3.05077
8.52	10353268	-6.68112
8.52	8138650	-6.21963
8.52	354763	-2.8491
8.52	13239751	-7.11521
8.52	13543623	-7.11521
8.52	8138187	-6.21963
8.52	8686343	-6.34692
8.52	11833892	-6.89339
8.52	1621165	-4.19881
8.52	5119336	-5.57705
8.52	14807534	-7.26871
8.52	12099887	-6.89339
8.52	2145448	-4.52363
8.52	6807279	-5.97516
8.52	2240137	-4.56612
8.52	982339	-3.72104
8.52	47639	-1.39749
8.52	11829605	-6.89339
8.52	3173826	-4.96982
8.52	7277986	-6.09576
8.52	10348919	-6.68112
8.52	12098472	-6.89339
8.52	10813720	-6.75085
8.52	12368898	-6.96624
8.52	10810892	-6.75085
8.52	7618450	-6.15727
8.52	5724379	-5.7433
8.52	5475754	-5.63177
8.52	6808776	-5.97516
8.52	5982642	-5.80014
8.52	13848740	-7.19138
8.52	11568984	-6.8216
8.52	4492293	-5.36486
8.52	5350731	-5.63177
8.52	12368167	-6.96624
8.52	2906426	-4.83081
8.52	5011796	-5.52302
8.52	746158	-3.48533
8.52	11058269	-6.75085
8.52	9274819	-6.47778
8.52	13242234	-7.11521
8.52	9273504	-6.47778
8.52	9904098	-6.5446
8.52	10583174	-6.68112
8.52	6960205	-6.03506
8.52	6809684	-5.97516
8.52	3174202	-4.96982
8.52	11833214	-6.89339
8.52	5233674	-5.57705
8.52	13538461	-7.11521
8.52	9483244	-6.47778
8.52	13539139	-7.11521
8.52	4023764	-5.26258
8.52	5598493	-5.68718
8.52	14808201	-7.26871
8.52	7787402	-6.15727
8.52	6520061	-5.91606
8.52	608293	-3.29354
8.52	9481452	-6.47778
8.52	14803979	-7.26871
8.52	5010454	-5.52302
8.52	8137128	-6.21963
8.52	3690992	-5.11365
8.52	14171701	-7.19138
8.52	1257261	-3.97126
8.52	11834177	-6.89339
8.52	12948085	-7.04017
8.52	8880455	-6.4119
8.52	5848977	-5.7433
8.52	3939359	-5.21235
8.52	12098213	-6.89339
8.52	11310709	-6.8216
8.52	10350545	-6.68112
8.52	11830969	-6.89339
8.52	11313549	-6.8216
8.52	7784150	-6.15727
8.52	9482722	-6.47778
8.52	4298620	-5.31341
8.52	5722641	-5.7433
8.52	7116019	-6.03506
8.52	1426545	-4.08343
8.52	14167075	-7.19138
8.52	794522	-3.51818
8.52	2970996	-4.87663
8.52	57241	-1.52673
8.52	6961980	-6.03506
8.52	11058093	-6.75085
8.52	3105311	-4.92296
8.74	10358362	-6.68112
8.74	14814307	-7.26871
8.74	5013579	-5.52302
8.74	11315475	-6.8216
8.74	7449583	-6.09576
8.74	2502581	-4.65246
8.74	14490837	-7.26871
8.74	4906204	-5.52302
8.74	328033	-2.79315
8.74	3692723	-5.11365
8.74	7284382	-6.09576
8.74	9080106	-6.4119
8.74	8882093	-6.4119
8.74	13860059	-7.19138
8.74	5477130	-5.63177
8.74	6812173	-5.97516
8.74	14174606	-7.19138
8.74	4113783	-5.26258
8.74	12948738	-7.04017
8.74	12662644	-7.04017
8.74	504289	-3.14019
8.74	10817166	-6.75085
8.74	6522835	-5.91606
8.74	11838219	-6.89339
8.74	1042016	-3.79096
8.74	2722206	-4.78549
8.74	321352	-2.76543
8.74	9278735	-6.47778
8.74	10585584	-6.68112
8.74	1084797	-3.82639
8.74	7964115	-6.21963
8.74	14492553	-7.26871
8.74	11061922	-6.75085
8.74	6967359	-6.03506
8.74	3107708	-4.92296
8.74	5121363	-5.57705
8.74	12372991	-6.96624
8.74	14819503	-7.26871
8.74	3108061	-4.92296
8.74	12106829	-6.89339
8.74	6111575	-5.80014
8.74	10355888	-6.68112
8.74	3609855	-5.11365
8.74	12106437	-6.89339
8.74	11059161	-6.75085
8.74	5356241	-5.63177
8.74	14815632	-7.26871
8.74	11317412	-6.8216
8.74	14494954	-7.26871
8.74	7789270	-6.15727
8.74	5601640	-5.68718
8.74	9486926	-6.47778
8.74	9281827	-6.47778
8.74	14816212	-7.26871
8.74	5354224	-5.63177
8.74	7622742	-6.15727
8.74	6966739	-6.03506
8.74	11838410	-6.89339
8.74	3379927	-5.01721
8.74	2560770	-4.69633
8.74	4906629	-5.52302
8.74	12377981	-6.96624
8.74	44226	-1.3338
8.74	2844787	-4.83081
8.74	5984653	-5.80014
8.74	414167	-2.99219
8.74	4694240	-5.46965
8.74	10584648	-6.68112
8.74	10121908	-6.61237
8.74	12372843	-6.96624
8.74	3175389	-4.96982
8.74	1108230	-3.82639
8.74	7624970	-6.15727
8.74	8691556	-6.34692
8.74	11575480	-6.8216
8.74	4494707	-5.36486
8.74	7284849	-6.09576
8.74	3242412	-4.96982
8.74	12659135	-7.04017
8.74	9279531	-6.47778
8.74	1062691	-3.79096
8.74	1042243	-3.79096
8.74	1313355	-4.0083
8.74	3942805	-5.21235
8.74	12109859	-6.89339
8.74	11063613	-6.75085
8.74	6966120	-6.03506
8.74	6111987	-5.80014
8.74	13247482	-7.11521
8.74	9485475	-6.47778
8.74	8693237	-6.34692
8.74	12659116	-7.04017
8.74	3773959	-5.16271
8.74	1313756	-4.0083
8.74	9486401	-6.47778
8.74	8319811	-6.28284
8.74	150896	-2.21879
8.97	10362062	-6.68112
8.97	10364917	-6.68112
8.97	14497714	-7.26871
8.97	4205732	-5.31341
8.97	4205883	-5.31341
8.97	10589863	-6.68112
8.97	4399206	-5.36486
8.97	9697305	-6.5446
8.97	13868823	-7.19138
8.97	8504173	-6.34692
8.97	3612664	-5.11365
8.97	9086633	-6.4119
8.97	2100052	-4.48157
8.97	5482340	-5.63177
8.97	13558613	-7.11521
8.97	14502119	-7.26871
8.97	11579742	-6.8216
8.97	8889608	-6.4119
8.97	8507544	-6.34692
8.97	12662931	-7.04017
8.97	8144147	-6.21963
8.97	1728054	-4.2776
8.97	12385250	-6.96624
8.97	9085567	-6.4119
8.97	14824973	-7.26871
8.97	8143105	-6.21963
8.97	7627648	-6.15727
8.97	1658553	-4.23801
8.97	13254398	-7.11521
8.97	3242905	-4.96982
8.97	6968991	-6.03506
8.97	1556742	-4.15998
8.97	6669777	-5.91606
8.97	4027330	-5.26258
8.97	11842731	-6.89339
8.97	5481301	-5.63177
8.97	4206906	-5.31341
8.97	7285588	-6.09576
8.97	12663892	-7.04017
8.97	5856157	-5.7433
8.97	2008342	-4.43995
8.97	9914147	-6.5446
8.97	13558687	-7.11521
8.97	1398656	-4.04569
8.97	9696866	-6.5446
8.97	11321288	-6.8216
8.97	10361943	-6.68112
8.97	9698324	-6.5446
8.97	12960574	-7.04017
8.97	3695166	-5.11365
8.97	1398256	-4.04569
8.97	6115708	-5.80014
8.97	11070077	-6.75085
8.97	8506428	-6.34692
8.97	6116573	-5.80014
8.97	659401	-3.35649
8.97	3382355	-5.01721
8.97	8698175	-6.34692
8.97	2613067	-4.74067
8.97	537684	-3.20086
8.97	6529200	-5.91606
8.97	548927	-3.20086
8.97	10593475	-6.68112
8.97	8696304	-6.34692
8.97	6246243	-5.85772
8.97	5238987	-5.57705
8.97	5358484	-5.63177
8.97	6969826	-6.03506
8.97	2724434	-4.78549
8.97	9086079	-6.4119
8.97	2242615	-4.56612
8.97	2561622	-4.69633
8.97	3860303	-5.21235
8.97	9698421	-6.5446
8.97	1556650	-4.15998
8.97	13254941	-7.11521
8.97	14182893	-7.19138
8.97	3610880	-5.11365
8.97	6245550	-5.85772
8.97	2503709	-4.65246
8.97	2400272	-4.60906
8.97	2846627	-4.83081
8.97	3243085	-4.96982
8.97	10129905	-6.61237
8.97	12379780	-6.96624
8.97	4496829	-5.36486
8.97	901775	-3.65229
8.97	5017057	-5.52302
8.97	334605	-2.82104
8.97	779812	-3.51818
8.97	4908125	-5.52302
8.97	7792932	-6.15727
8.97	10589384	-6.68112
8.97	7628031	-6.15727
8.97	9697006	-6.5446
8.97	7795747	-6.15727
8.97	12668094	-7.04017
8.97	4027246	-5.26258
9.21	14509031	-7.26871
9.21	9917792	-6.5446
9.21	10830727	-6.75085
9.21	4803459	-5.46965
9.21	11075418	-6.75085
9.21	983947	-3.72104
9.21	7632860	-6.15727
9.21	10596943	-6.68112
9.21	6388074	-5.85772
9.21	3314781	-5.01721
9.21	9495386	-6.47778
9.21	11075630	-6.75085
9.21	1841005	-4.35796
9.21	11330231	-6.8216
9.21	4698722	-5.46965
9.21	12672048	-7.04017
9.21	13267546	-7.11521
9.21	9702213	-6.5446
9.21	10131861	-6.61237
9.21	14191210	-7.19138
9.21	2669834	-4.74067
9.21	9915771	-6.5446
9.21	4208153	-5.31341
9.21	14828831	-7.26871
9.21	9287002	-6.47778
9.21	12673867	-7.04017
9.21	3245140	-4.96982
9.21	9701651	-6.5446
9.21	4499455	-5.36486
9.21	12671385	-7.04017
9.21	6389753	-5.85772
9.21	13265537	-7.11521
9.21	8328704	-6.28284
9.21	13876906	-7.19138
9.21	11590219	-6.8216
9.21	5242103	-5.57705
9.21	277659	-2.6833
9.21	13266702	-7.11521
9.21	6249227	-5.85772
9.21	3314349	-5.01721
9.21	3777744	-5.16271
9.21	9288474	-6.47778
9.21	8702285	-6.34692
9.21	9496675	-6.47778
9.21	9498357	-6.47778
9.21	1183026	-3.89817
9.21	14830325	-7.26871
9.21	13266220	-7.11521
9.21	13870621	-7.19138
9.21	1924233	-4.39875
9.21	2783788	-4.78549
9.21	5360275	-5.63177
9.21	13872170	-7.19138
9.21	7127519	-6.03506
9.21	12387771	-6.96624
9.21	5483301	-5.63177
9.21	2100719	-4.48157
9.21	12966707	-7.04017
9.21	9495710	-6.47778
9.21	12388667	-6.96624
9.21	12117456	-6.89339
9.21	13560495	-7.11521
9.21	2101361	-4.48157
9.21	2563037	-4.69633
9.21	236570	-2.54963
9.21	11589099	-6.8216
9.21	9088347	-6.4119
9.21	1315059	-4.0083
9.21	14188562	-7.19138
9.21	4804588	-5.46965
9.21	13875977	-7.19138
9.21	9702063	-6.5446
9.21	515501	-3.17041
9.21	11851822	-6.89339
9.21	14509972	-7.26871
9.21	7126735	-6.03506
9.21	10366545	-6.68112
9.21	1695278	-4.23801
9.21	4116955	-5.26258
9.21	439935	-3.02138
9.21	5241977	-5.57705
9.21	902408	-3.65229
9.21	2505375	-4.65246
9.21	12673342	-7.04017
9.21	8510248	-6.34692
9.21	5606958	-5.68718
9.21	12964186	-7.04017
9.21	1234264	-3.93455
9.21	14507202	-7.26871
9.21	5858749	-5.7433
9.21	6819524	-5.97516
9.21	295296	-2.71051
9.21	4208308	-5.31341
9.47	609470	-3.29354
9.47	7975157	-6.21963
9.47	2009768	-4.43995
9.47	11080957	-6.75085
9.47	10376221	-6.68112
9.47	13878131	-7.19138
9.47	3316330	-5.01721
9.47	11336516	-6.8216
9.47	11079428	-6.75085
9.47	383532	-2.90577
9.47	9921822	-6.5446
9.47	1764800	-4.31758
9.47	7132507	-6.03506
9.47	10135914	-6.61237
9.47	5128634	-5.57705
9.47	10833141	-6.75085
9.47	13271540	-7.11521
9.47	14196485	-7.19138
9.47	13877873	-7.19138
9.47	1043468	-3.79096
9.47	3534678	-5.06515
9.47	10832640	-6.75085
9.47	11594386	-6.8216
9.47	12681583	-7.04017
9.47	485601	-3.11017
9.47	8512173	-6.34692
9.47	13879414	-7.19138
9.47	8152090	-6.21963
9.47	14510128	-7.26871
9.47	5862629	-5.7433
9.47	2726294	-4.78549
9.47	1234932	-3.93455
9.47	14195677	-7.19138
9.47	5364679	-5.63177
9.47	2196372	-4.52363
9.47	11854292	-6.89339
9.47	13567806	-7.11521
9.47	12123661	-6.89339
9.47	3246563	-4.96982
9.47	1924807	-4.39875
9.47	5487418	-5.63177
9.47	3779459	-5.16271
9.47	222757	-2.49722
9.47	11336788	-6.8216
9.47	5992518	-5.80014
9.47	5609775	-5.68718
9.47	11335384	-6.8216
9.47	4209708	-5.31341
9.47	812309	-3.5513
9.47	1260274	-3.97126
9.47	4500497	-5.36486
9.47	11592139	-6.8216
9.47	1371055	-4.04569
9.47	829743	-3.58469
9.47	6252819	-5.85772
9.47	2564145	-4.69633
9.47	3112687	-4.92296
9.47	7976121	-6.21963
9.47	8153385	-6.21963
9.47	13270122	-7.11521
9.47	12679877	-7.04017
9.47	747452	-3.48533
9.47	3780309	-5.16271
9.47	14836197	-7.26871
9.47	5735597	-5.7433
9.47	10602739	-6.68112
9.47	12395831	-6.96624
9.47	9709026	-6.5446
9.47	1842260	-4.35796
9.47	5994449	-5.80014
9.47	13273181	-7.11521
9.47	5243804	-5.57705
9.47	14840421	-7.26871
9.47	3042944	-4.87663
9.47	2614505	-4.74067
9.47	13572724	-7.11521
9.47	10601829	-6.68112
9.47	6534658	-5.91606
9.47	6122037	-5.80014
9.47	10833470	-6.75085
9.47	10136028	-6.61237
9.47	9921299	-6.5446
9.47	10137744	-6.61237
9.47	12392656	-6.96624
9.47	13569919	-7.11521
9.47	10600107	-6.68112
9.47	7975175	-6.21963
9.47	7977627	-6.21963
9.47	11858334	-6.89339
9.47	1730048	-4.2776
9.74	12684576	-7.04017
9.74	1730182	-4.2776
9.74	7297506	-6.09576
9.74	12129425	-6.89339
9.74	5022254	-5.52302
9.74	7640425	-6.15727
9.74	14846556	-7.26871
9.74	3386541	-5.01721
9.74	12687901	-7.04017
9.74	11860272	-6.89339
9.74	5865828	-5.7433
9.74	7134155	-6.03506
9.74	7296622	-6.09576
9.74	943906	-3.68652
9.74	14518354	-7.26871
9.74	6394488	-5.85772
9.74	5740268	-5.7433
9.74	3386713	-5.01721
9.74	7639797	-6.15727
9.74	3700225	-5.11365
9.74	5364907	-5.63177
9.74	11340702	-6.8216
9.74	10379374	-6.68112
9.74	2150324	-4.52363
9.74	4213117	-5.31341
9.74	3113878	-4.92296
9.74	13576737	-7.11521
9.74	3617014	-5.11365
9.74	11340897	-6.8216
9.74	5612636	-5.68718
9.74	2507831	-4.65246
9.74	3700654	-5.11365
9.74	13576953	-7.11521
9.74	7806145	-6.15727
9.74	5611059	-5.68718
9.74	5024429	-5.52302
9.74	11601055	-6.8216
9.74	9097411	-6.4119
9.74	10607821	-6.68112
9.74	10840399	-6.75085
9.74	13885305	-7.19138
9.74	12979904	-7.04017
9.74	1660724	-4.23801
9.74	6678648	-5.91606
9.74	12687123	-7.04017
9.74	8155291	-6.21963
9.74	10379430	-6.68112
9.74	538535	-3.20086
9.74	7467052	-6.09576
9.74	10143505	-6.61237
9.74	12131052	-6.89339
9.74	9505605	-6.47778
9.74	2196936	-4.52363
9.74	13275056	-7.11521
9.74	8158075	-6.21963
9.74	11860448	-6.89339
9.74	12403175	-6.96624
9.74	3617518	-5.11365
9.74	8517082	-6.34692
9.74	7981387	-6.21963
9.74	9506310	-6.47778
9.74	11599346	-6.8216
9.74	7134562	-6.03506
9.74	376110	-2.90577
9.74	4033789	-5.26258
9.74	9099565	-6.4119
9.74	14518798	-7.26871
9.74	7467276	-6.09576
9.74	6979871	-6.03506
9.74	1496412	-4.12153
9.74	1429990	-4.08343
9.74	13277913	-7.11521
9.74	9711020	-6.5446
9.74	9503567	-6.47778
9.74	8516377	-6.34692
9.74	4916020	-5.52302
9.74	13276772	-7.11521
9.74	1801504	-4.31758
9.74	14845173	-7.26871
9.74	6253642	-5.85772
9.74	1926335	-4.39875
9.74	7805226	-6.15727
9.74	13889448	-7.19138
9.74	1345017	-4.0083
9.74	5022227	-5.52302
10.04	12693710	-7.04017
10.04	12407790	-6.96624
10.04	14854579	-7.26871
10.04	3248889	-4.96982
10.04	9509303	-6.47778
10.04	8160231	-6.21963
10.04	12406288	-6.96624
10.04	8158873	-6.21963
10.04	12407894	-6.96624
10.04	12407288	-6.96624
10.04	11088155	-6.75085
10.04	10611350	-6.68112
10.04	10843972	-6.75085
10.04	5868337	-5.7433
10.04	1087430	-3.82639
10.04	12139308	-6.89339
10.04	13581724	-7.11521
10.04	4505552	-5.36486
10.04	6398302	-5.85772
10.04	5026404	-5.52302
10.04	10146431	-6.61237
10.04	11867590	-6.89339
10.04	3462969	-5.06515
10.04	1626134	-4.19881
10.04	10609104	-6.68112
10.04	2509195	-4.65246
10.04	8711938	-6.34692
10.04	4604318	-5.41693
10.04	5867636	-5.7433
10.04	12136762	-6.89339
10.04	12694494	-7.04017
10.04	5492663	-5.63177
10.04	6540870	-5.91606
10.04	13890864	-7.19138
10.04	1697436	-4.23801
10.04	10612348	-6.68112
10.04	8159264	-6.21963
10.04	13894889	-7.19138
10.04	14854709	-7.26871
10.04	12407766	-6.96624
10.04	9717672	-6.5446
10.04	11606651	-6.8216
10.04	13587238	-7.11521
10.04	13892381	-7.19138
10.04	8159978	-6.21963
10.04	4123443	-5.26258
10.04	2980335	-4.87663
10.04	3951759	-5.21235
10.04	10844027	-6.75085
10.04	11347598	-6.8216
10.04	11868542	-6.89339
10.04	9929081	-6.5446
10.04	1661329	-4.23801
10.04	505486	-3.14019
10.04	5615245	-5.68718
10.04	6982617	-6.03506
10.04	2011930	-4.43995
10.04	3389070	-5.01721
10.04	3867025	-5.21235
10.04	3044377	-4.87663
10.04	585374	-3.26242
10.04	10612314	-6.68112
10.04	5490992	-5.63177
10.04	4505928	-5.36486
10.04	13892501	-7.19138
10.04	10609438	-6.68112
10.04	1661756	-4.23801
10.04	4504942	-5.36486
10.04	10610055	-6.68112
10.04	11603172	-6.8216
10.04	3183013	-4.96982
10.04	6540942	-5.91606
10.04	10842163	-6.75085
10.04	8713209	-6.34692
10.04	6541380	-5.91606
10.04	4603506	-5.41693
10.04	467476	-3.08037
10.04	4704835	-5.46965
10.04	13893208	-7.19138
10.04	1134241	-3.86212
10.35	1698259	-4.23801
10.35	4313228	-5.31341
10.35	1767144	-4.31758
10.35	1087650	-3.82639
10.35	8164509	-6.21963
10.35	13587867	-7.11521
10.35	6542347	-5.91606
10.35	14215813	-7.19138
10.35	12142730	-6.89339
10.35	2301262	-4.56612
10.35	2248185	-4.56612
10.35	13593126	-7.11521
10.35	10847341	-6.75085
10.35	14534187	-7.26871
10.35	3954140	-5.21235
10.35	13288838	-7.11521
10.35	12411136	-6.96624
10.35	14860955	-7.26871
10.35	11094725	-6.75085
10.35	6542978	-5.91606
10.35	2982218	-4.87663
10.35	3538777	-5.06515
10.35	6682517	-5.91606
10.35	4920933	-5.52302
10.35	2105072	-4.48157
10.35	3785799	-5.16271
10.35	9720519	-6.5446
10.35	3183428	-4.96982
10.35	11351938	-6.8216
10.35	7474284	-6.09576
10.35	13589021	-7.11521
10.35	8911089	-6.4119
10.35	11608649	-6.8216
10.35	4216833	-5.31341
10.35	12991768	-7.04017
10.35	9107758	-6.4119
10.35	8910110	-6.4119
10.35	4705254	-5.46965
10.35	9932787	-6.5446
10.35	2152440	-4.52363
10.35	6543366	-5.91606
10.35	8523179	-6.34692
10.35	11095146	-6.75085
10.35	6399207	-5.85772
10.35	11349714	-6.8216
10.35	3539914	-5.06515
10.35	866414	-3.61835
10.35	9935687	-6.5446
10.35	4313661	-5.31341
10.35	4216638	-5.31341
10.35	4813662	-5.46965
10.35	6683280	-5.91606
10.35	5618022	-5.68718
10.35	476608	-3.11017
10.35	12145741	-6.89339
10.35	105351	-1.95494
10.35	4124286	-5.26258
10.35	4506937	-5.36486
10.35	10614556	-6.68112
10.35	8909827	-6.4119
10.35	8165353	-6.21963
10.35	9720688	-6.5446
10.35	10152853	-6.61237
10.35	6000481	-5.80014
10.35	14216831	-7.19138
10.35	12413519	-6.96624
10.35	5028142	-5.52302
10.35	6129361	-5.80014
10.35	476661	-3.11017
10.35	1373306	-4.04569
10.35	2788167	-4.78549
10.35	4312553	-5.31341
10.35	9305610	-6.47778
10.35	8346518	-6.28284
10.35	12992964	-7.04017
10.69	10620186	-6.68112
10.69	4038627	-5.26258
10.69	8719409	-6.34692
10.69	12418196	-6.96624
10.69	9724771	-6.5446
10.69	5497254	-5.63177
10.69	11356154	-6.8216
10.69	2854838	-4.83081
10.69	14869231	-7.26871
10.69	6131908	-5.80014
10.69	3786154	-5.16271
10.69	13599670	-7.11521
10.69	3871254	-5.21235
10.69	2353556	-4.60906
10.69	9936373	-6.5446
10.69	14536320	-7.26871
10.69	8722534	-6.34692
10.69	3465192	-5.06515
10.69	14222494	-7.19138
10.69	3955295	-5.21235
10.69	9517189	-6.47778
10.69	14539767	-7.26871
10.69	7989249	-6.21963
10.69	14226550	-7.19138
10.69	9724515	-6.5446
10.69	7144308	-6.03506
10.69	7478752	-6.09576
10.69	3956089	-5.21235
10.69	6544954	-5.91606
10.69	14539255	-7.26871
10.69	5137548	-5.57705
10.69	7307369	-6.09576
10.69	14222154	-7.19138
10.69	7989419	-6.21963
10.69	4219065	-5.31341
10.69	3047958	-4.87663
10.69	12415900	-6.96624
10.69	11353826	-6.8216
10.69	8348153	-6.28284
10.69	7478485	-6.09576
10.69	10393724	-6.68112
10.69	8721656	-6.34692
10.69	985999	-3.72104
10.69	5372810	-5.63177
10.69	6403769	-5.85772
10.69	6401845	-5.85772
10.69	6262003	-5.85772
10.69	2982821	-4.87663
10.69	6133126	-5.80014
10.69	12704543	-7.04017
10.69	1889968	-4.35796
10.69	6262765	-5.85772
10.69	8168006	-6.21963
10.69	14225187	-7.19138
10.69	9516652	-6.47778
10.69	2854736	-4.83081
10.69	124176	-2.07323
10.69	5373568	-5.63177
10.69	3252005	-4.96982
10.69	14225127	-7.19138
10.69	2407575	-4.60906
10.69	1262286	-3.97126
10.69	9936206	-6.5446
10.69	13908179	-7.19138
10.69	5137524	-5.57705
10.69	1591634	-4.19881
10.69	7307587	-6.09576
10.69	7816442	-6.15727
10.69	6261766	-5.85772
10.69	11616380	-6.8216
10.69	12149347	-6.89339
10.69	1135308	-3.86212
11.05	13601838	-7.11521
11.05	10398270	-6.68112
11.05	1768261	-4.31758
11.05	3788343	-5.16271
11.05	5255957	-5.57705
11.05	11620806	-6.8216
11.05	14545785	-7.26871
11.05	4709224	-5.46965
11.05	376736	-2.90577
11.05	1699554	-4.23801
11.05	13911675	-7.19138
11.05	6687682	-5.91606
11.05	7819322	-6.15727
11.05	9311576	-6.47778
11.05	586001	-3.26242
11.05	7651597	-6.15727
11.05	9519493	-6.47778
11.05	4817183	-5.46965
11.05	1592168	-4.19881
11.05	2790711	-4.78549
11.05	8169344	-6.21963
11.05	573407	-3.26242
11.05	1402706	-4.04569
11.05	6837429	-5.97516
11.05	8725667	-6.34692
11.05	5137809	-5.57705
11.05	7993446	-6.21963
11.05	10161263	-6.61237
11.05	1185909	-3.89817
11.05	11884412	-6.89339
11.05	905192	-3.65229
11.05	2154074	-4.52363
11.05	9519770	-6.47778
11.05	13000791	-7.04017
11.05	6838297	-5.97516
11.05	11617221	-6.8216
11.05	10622822	-6.68112
11.05	2570525	-4.69633
11.05	14872824	-7.26871
11.05	6992696	-6.03506
11.05	2458111	-4.65246
11.05	7652107	-6.15727
11.05	14233051	-7.19138
11.05	13601974	-7.11521
11.05	5376636	-5.63177
11.05	9727850	-6.5446
11.05	4039881	-5.26258
11.05	3624312	-5.11365
11.05	647531	-3.35649
11.05	4039630	-5.26258
11.05	7480440	-6.09576
11.05	9310934	-6.47778
11.05	12153801	-6.89339
11.05	14545784	-7.26871
11.05	10623393	-6.68112
11.05	5138471	-5.57705
11.05	11359887	-6.8216
11.05	13601181	-7.11521
11.05	1498364	-4.12153
11.05	12421572	-6.96624
11.05	1591904	-4.19881
11.05	2570225	-4.69633
11.05	10400447	-6.68112
11.05	5874519	-5.7433
11.05	5621844	-5.68718
11.05	6837514	-5.97516
11.05	6265308	-5.85772
11.05	9310745	-6.47778
11.05	14543942	-7.26871
11.45	7654480	-6.15727
11.45	14237434	-7.19138
11.45	4611221	-5.41693
11.45	8353836	-6.28284
11.45	5500310	-5.63177
11.45	11622250	-6.8216
11.45	13304016	-7.11521
11.45	10404160	-6.68112
11.45	2571077	-4.69633
11.45	5623903	-5.68718
11.45	4318237	-5.31341
11.45	14879763	-7.26871
11.45	6550572	-5.91606
11.45	2201936	-4.52363
11.45	84441	-1.81628
11.45	2250538	-4.56612
11.45	8920170	-6.4119
11.45	3707863	-5.11365
11.45	4318701	-5.31341
11.45	6551105	-5.91606
11.45	5501555	-5.63177
11.45	11889140	-6.89339
11.45	4819009	-5.46965
11.45	5501392	-5.63177
11.45	12427999	-6.96624
11.45	1161206	-3.86212
11.45	11365802	-6.8216
11.45	5751939	-5.7433
11.45	14546174	-7.26871
11.45	2621091	-4.74067
11.45	3121607	-4.92296
11.45	11364021	-6.8216
11.45	11624730	-6.8216
11.45	6549816	-5.91606
11.45	14878790	-7.26871
11.45	8534299	-6.34692
11.45	7821291	-6.15727
11.45	38316	-1.22892
11.45	11623433	-6.8216
11.45	4130030	-5.26258
11.45	5623756	-5.68718
11.45	12158812	-6.89339
11.45	9946337	-6.5446
11.45	119873	-2.04936
11.45	527839	-3.17041
11.45	2250426	-4.56612
11.45	8354107	-6.28284
11.45	2621257	-4.74067
11.45	4612622	-5.41693
11.45	11621763	-6.8216
11.45	8353286	-6.28284
11.45	8535161	-6.34692
11.45	2250417	-4.56612
11.45	2409530	-4.60906
11.45	8728252	-6.34692
11.45	11623881	-6.8216
11.45	5623928	-5.68718
11.45	2513946	-4.65246
11.45	8534907	-6.34692
11.45	14236770	-7.19138
11.45	4512659	-5.36486
11.45	11620950	-6.8216
11.45	2985085	-4.87663
11.45	13306055	-7.11521
11.88	9947902	-6.5446
11.88	2108112	-4.48157
11.88	11890642	-6.89339
11.88	7657349	-6.15727
11.88	3188096	-4.96982
11.88	4711711	-5.46965
11.88	9527276	-6.47778
11.88	1847002	-4.35796
11.88	3544109	-5.06515
11.88	6841180	-5.97516
11.88	8176370	-6.21963
11.88	11367051	-6.8216
11.88	3709284	-5.11365
11.88	9734977	-6.5446
11.88	11892825	-6.89339
11.88	11625925	-6.8216
11.88	4513434	-5.36486
11.88	573794	-3.26242
11.88	13613791	-7.11521
11.88	6268326	-5.85772
11.88	11369451	-6.8216
11.88	3051115	-4.87663
11.88	2108126	-4.48157
11.88	10165414	-6.61237
11.88	11109426	-6.75085
11.88	2015440	-4.43995
11.88	10630377	-6.68112
11.88	115475	-2.0256
11.88	14553447	-7.26871
11.88	14242059	-7.19138
11.88	12161323	-6.89339
11.88	5036070	-5.52302
11.88	392386	-2.93439
11.88	705389	-3.42041
11.88	4417022	-5.36486
11.88	1374886	-4.04569
11.88	782788	-3.51818
11.88	12161308	-6.89339
11.88	9948670	-6.5446
11.88	4513590	-5.36486
11.88	1973147	-4.39875
11.88	271938	-2.65625
11.88	128976	-2.09721
11.88	2459868	-4.65246
11.88	4928324	-5.52302
11.88	7486425	-6.09576
11.88	10628390	-6.68112
11.88	5753197	-5.7433
11.88	13922578	-7.19138
11.88	4320409	-5.31341
11.88	11626175	-6.8216
11.88	14239289	-7.19138
11.88	4613529	-5.41693
11.88	11367423	-6.8216
12.34	5503820	-5.63177
12.34	6694783	-5.91606
12.34	12721095	-7.04017
12.34	1892602	-4.35796
12.34	10408221	-6.68112
12.34	6844309	-5.97516
12.34	5504109	-5.63177
12.34	1186967	-3.89817
12.34	10410131	-6.68112
12.34	5755318	-5.7433
12.34	10170127	-6.61237
12.34	232069	-2.54963
12.34	4224369	-5.31341
12.34	2734175	-4.78549
12.34	3188867	-4.96982
12.34	5504721	-5.63177
12.34	7317793	-6.09576
12.34	8924740	-6.4119
12.34	9121704	-6.4119
12.34	9529705	-6.47778
12.34	14886430	-7.26871
12.34	9737395	-6.5446
12.34	14246956	-7.19138
12.34	4224356	-5.31341
12.34	6997845	-6.03506
12.34	14887303	-7.26871
12.34	432334	-3.02138
12.34	5879237	-5.7433
12.34	8732105	-6.34692
12.34	8538984	-6.34692
12.34	91037	-1.86212
12.34	7317464	-6.09576
12.34	8177303	-6.21963
12.34	11895133	-6.89339
12.34	6844477	-5.97516
12.34	9528947	-6.47778
12.34	10632539	-6.68112
12.34	4712874	-5.46965
12.34	14246578	-7.19138
12.34	13925716	-7.19138
12.34	1593390	-4.19881
12.34	8001139	-6.21963
12.34	13013552	-7.04017
12.34	8360076	-6.28284
12.34	13616256	-7.11521
12.85	7829196	-6.15727
12.85	5383739	-5.63177
12.85	1848293	-4.35796
12.85	8003159	-6.21963
12.85	1665301	-4.23801
12.85	3961946	-5.21235
12.85	1114099	-3.82639
12.85	7489930	-6.09576
12.85	10173089	-6.61237
12.85	7490214	-6.09576
12.85	2987679	-4.87663
12.85	12168257	-6.89339
12.85	12437722	-6.96624
12.85	14247295	-7.19138
12.85	7319380	-6.09576
12.85	4930933	-5.52302
12.85	2515967	-4.65246
12.85	4225113	-5.31341
12.85	11373596	-6.8216
12.85	13016262	-7.04017
12.85	1735376	-4.2776
12.85	4616069	-5.41693
12.85	5756807	-5.7433
12.85	13318683	-7.11521
12.85	13929794	-7.19138
12.85	5505046	-5.63177
12.85	4714628	-5.46965
12.85	7319494	-6.09576
12.85	8361446	-6.28284
12.85	7829070	-6.15727
12.85	9738588	-6.5446
12.85	4322124	-5.31341
12.85	3710857	-5.11365
12.85	11117804	-6.75085
12.85	2411438	-4.60906
12.85	7318056	-6.09576
12.85	468687	-3.08037
12.85	946578	-3.68652
12.85	7154322	-6.03506
13.42	1563092	-4.15998
13.42	12726396	-7.04017
13.42	5758014	-5.7433
13.42	11900217	-6.89339
13.42	3711434	-5.11365
13.42	4931725	-5.52302
13.42	783228	-3.51818
13.42	8736122	-6.34692
13.42	10414494	-6.68112
13.42	9534614	-6.47778
13.42	3258177	-4.96982
13.42	1806859	-4.31758
13.42	5039532	-5.52302
13.42	1770716	-4.31758
13.42	2988604	-4.87663
13.42	13930687	-7.19138
13.42	4715668	-5.46965
13.42	1531054	-4.15998
13.42	6557693	-5.91606
13.42	7156269	-6.03506
13.42	13020180	-7.04017
13.42	12439175	-6.96624
13.42	851338	-3.58469
13.42	13930403	-7.19138
13.42	9124940	-6.4119
13.42	13321123	-7.11521
13.42	6697703	-5.91606
13.42	1067950	-3.79096
13.42	8364090	-6.28284
13.42	13932398	-7.19138
13.42	53601	-1.48337
13.42	13623542	-7.11521
13.42	12170338	-6.89339
13.42	11635765	-6.8216
13.42	377136	-2.90577
14.04	2358257	-4.60906
14.04	2412370	-4.60906
14.04	12442386	-6.96624
14.04	3472794	-5.06515
14.04	6016034	-5.80014
14.04	8543435	-6.34692
14.04	11637092	-6.8216
14.04	8931023	-6.4119
14.04	12173849	-6.89339
14.04	11902234	-6.89339
14.04	8183430	-6.21963
14.04	11122034	-6.75085
14.04	12729935	-7.04017
14.04	6558559	-5.91606
14.04	10639329	-6.68112
14.04	3629992	-5.11365
14.04	1264713	-3.97126
14.04	12728906	-7.04017
14.04	12441595	-6.96624
14.04	7003112	-6.03506
14.04	11637566	-6.8216
14.04	10875080	-6.75085
14.04	12442413	-6.96624
14.04	5039820	-5.52302
14.04	8007046	-6.21963
14.04	5385369	-5.63177
14.04	5263965	-5.57705
14.04	7664113	-6.15727
14.74	691344	-3.42041
14.74	6559304	-5.91606
14.74	10178278	-6.61237
14.74	8933074	-6.4119
14.74	9536517	-6.47778
14.74	5040704	-5.52302
14.74	2923766	-4.83081
14.74	5884035	-5.7433
14.74	4825319	-5.46965
14.74	7665544	-6.15727
14.74	4518693	-5.36486
14.74	3328359	-5.01721
14.74	14898202	-7.26871
14.74	6274185	-5.85772
14.74	10640152	-6.68112
14.74	11638445	-6.8216
14.74	14568659	-7.26871
14.74	335930	-2.82104
15.52	3630740	-5.11365
15.52	5884266	-5.7433
15.52	2575107	-4.69633
15.52	13628179	-7.11521
15.52	3259121	-4.96982
15.52	12732787	-7.04017
15.52	8008390	-6.21963
15.52	11123755	-6.75085
15.52	12444822	-6.96624
15.52	6559932	-5.91606
15.52	598974	-3.29354
15.52	8184970	-6.21963
16.41	11124762	-6.75085
16.41	3054215	-4.87663
16.41	12176858	-6.89339
16.41	4421915	-5.36486
16.41	7833733	-6.15727
16.41	3630961	-5.11365
16.41	10641797	-6.68112
17.42	1405141	-4.04569
17.42	6560562	-5.91606
17.42	9130015	-6.4119
17.42	2017814	-4.43995
