10000000.000000 2.174107720565
10232929.922808 2.165092418433
10471285.480509 2.156025622102
10715193.052376 2.146887767070
10964781.961432 2.137670879624
11220184.543020 2.128385162005
11481536.214969 2.119034704475
11748975.549395 2.109630137876
12022644.346174 2.100189348347
12302687.708124 2.090732104493
12589254.117942 2.081284194767
12882495.516931 2.071857411992
13182567.385564 2.062454037473
13489628.825916 2.053095955109
13803842.646029 2.043785418612
14125375.446227 2.034506895740
14454397.707459 2.025250383697
14791083.881682 2.016018224438
15135612.484362 2.006812201202
15488166.189125 1.997632417716
15848931.924611 1.988485290710
16218100.973589 1.979370063111
16595869.074375 1.970304533606
16982436.524617 1.961294310550
17378008.287494 1.952335701252
17782794.100389 1.943403828185
18197008.586100 1.934465707065
18620871.366628 1.925518586175
19054607.179632 1.916570486893
19498445.997580 1.907614946190
19952623.149689 1.898645627575
20417379.446695 1.889651590084
20892961.308540 1.880605214495
21379620.895022 1.871486495639
21877616.239495 1.862287262827
22387211.385683 1.853017962382
22908676.527677 1.843682700225
23442288.153199 1.834292270939
23988329.190194 1.824864889729
24547089.156850 1.815420684650
25118864.315095 1.805985988592
25703957.827688 1.796572783020
26302679.918953 1.787183291690
26915348.039269 1.777839935419
27542287.033381 1.768544998915
28183829.312644 1.759282531404
28840315.031265 1.750042275788
29512092.266663 1.740826649200
30199517.204019 1.731637481333
30902954.325135 1.722474866090
31622776.601683 1.713345396461
32359365.692962 1.704248264571
33113112.148258 1.695201772269
33884415.613919 1.686211710289
34673685.045252 1.677274379248
35481338.923357 1.668364348428
36307805.477009 1.659447842545
37153522.909716 1.650522146287
38018939.632055 1.641595587562
38904514.499427 1.632661597226
39810717.055349 1.623713760718
40738027.780410 1.614740952438
41686938.347032 1.605714887494
42657951.880158 1.596615083450
43651583.224015 1.587433155937
44668359.215095 1.578179815905
45708818.961486 1.568859185054
46773514.128718 1.559482234249
47863009.232262 1.550067534161
48977881.936843 1.540635601059
50118723.362726 1.531213357419
51286138.399135 1.521812988155
52480746.024975 1.512436653044
53703179.637023 1.503107355759
54954087.385760 1.493827414466
56234132.519033 1.484580423715
57543993.733714 1.475355850268
58884365.535557 1.466156193043
60255958.607433 1.456983332061
61659500.186146 1.447837350161
63095734.448017 1.438725031811
64565422.903463 1.429645513114
66069344.800757 1.420617643046
67608297.539195 1.411647410758
69183097.091891 1.402731110680
70794578.438411 1.393842711975
72443596.007496 1.384947580153
74131024.130089 1.376043040696
75857757.502915 1.367137755821
77624711.662866 1.358225041595
79432823.472425 1.349298399654
81283051.616406 1.340346505058
83176377.110263 1.331340349792
85113803.820234 1.322258933045
87096358.995604 1.313093637988
89125093.813370 1.303855463339
91201083.935587 1.294548546602
93325430.079695 1.285184048918
95499258.602139 1.275780925992
97723722.095576 1.266360114506
99999999.999995 1.256949177242
102329299.228070 1.247560519095
104712854.805085 1.238196228418
107151930.523755 1.228879943494
109647819.614313 1.219614018667
112201845.430191 1.210381552999
114815362.149682 1.201171712465
117489755.493947 1.191987085214
120226443.461735 1.182829605921
123026877.081232 1.173699344899
125892541.179410 1.164603295234
128824955.169306 1.155540530999
131825673.855633 1.146530497920
134896288.259158 1.137579401657
138038426.460281 1.128683531110
141253754.462267 1.119816202427
144543977.074585 1.110941844950
147910838.816812 1.102057830045
151356124.843612 1.093173185725
154881661.891239 1.084281103527
158489319.246102 1.075374994933
162181009.735883 1.066443319207
165958690.743746 1.057456280405
169824365.246164 1.048392312999
173780082.874927 1.039242546501
177827941.003881 1.030018293587
181970085.860987 1.020723707456
186208713.666275 1.011370155190
190546071.796313 1.001977010771
194984459.975792 0.992565667475
199526231.496875 0.983164385581
204173794.466940 0.973785808467
208929613.085390 0.964431944407
213796208.950209 0.955127124822
218776162.394941 0.945873743241
223872113.856819 0.936654356960
229086765.276762 0.927457803227
234422881.531976 0.918286767840
239883291.901933 0.909143244983
245470891.568486 0.900027290687
251188643.150941 0.890946126048
257039578.276869 0.881898756134
263026799.189520 0.872905279674
269153480.392673 0.863972139310
275422870.333797 0.855095619245
281838293.126425 0.846248322750
288403150.312640 0.837393655795
295120922.666617 0.828529041566
301995172.040180 0.819663909709
309029543.251336 0.810791316254
316227766.016815 0.801904575463
323593656.929604 0.792991912338
331131121.482566 0.784022669605
338844156.139177 0.774974664569
346736850.452505 0.765838749080
354813389.233548 0.756626579522
363078054.770074 0.747342324518
371535229.097144 0.737997574701
380189396.320532 0.728612159846
389045144.994250 0.719207970620
398107170.553466 0.709814029552
407380277.804081 0.700443239274
416869383.470302 0.691097517848
426579518.801559 0.681801956307
436515832.240131 0.672558990680
446683592.150927 0.663350583781
457088189.614838 0.654165212311
467735141.287160 0.645005669278
478630092.322599 0.635874013823
489778819.368406 0.626770285589
501187233.627230 0.617701955681
512861383.991322 0.608667952041
524807460.249728 0.599689090411
537031796.370207 0.590772073680
549540873.857578 0.581913182396
562341325.190301 0.573084238908
575439937.337107 0.564247526572
588843655.355538 0.555400527349
602559586.074305 0.546553113503
616595001.861428 0.537698193118
630957344.480137 0.528828975360
645654229.034598 0.519933430167
660693448.007537 0.510979955451
676082975.391921 0.501945691753
691830970.918874 0.492821185956
707945784.384074 0.483618472136
724435960.074924 0.474341733854
741310241.300849 0.465002805153
758577575.029114 0.455622014123
776247116.628620 0.446221795007
794328234.724207 0.436832006195
812830516.164023 0.427465832967
831763771.102593 0.418125091251
851138038.202296 0.408835707493
870963589.955998 0.399600163877
891250938.133660 0.390399768392
912010839.355822 0.381222600789
933254300.796901 0.372071572172
954992586.021343 0.362948812770
977237220.955715 0.353854343286
999999999.999902 0.344795909901
1023292992.280653 0.335772353890
1047128548.050796 0.326805281181
1071519305.237500 0.317901681435
1096478196.143075 0.309057832829
1122018454.301851 0.300244699093
1148153621.496767 0.291423327505
1174897554.939410 0.282591266990
1202264434.617290 0.273758879518
1230268770.812255 0.264918911077
1258925411.794037 0.256064456927
1288249551.693001 0.247183208421
1318256738.556270 0.238242523281
1348962882.591513 0.229218797268
1380384264.602740 0.220102241140
1412537544.622605 0.210905305658
1445439770.745774 0.201632188561
1479108388.168050 0.192294989813
1513561248.436046 0.182914584206
1548816618.912315 0.173514002060
1584893192.460942 0.164124021677
1621810097.358754 0.154758137415
1659586907.437380 0.145418048934
1698243652.461559 0.136130604940
1737800828.749184 0.126898337769
1778279410.038726 0.117701831164
1819700858.609782 0.108528726059
1862087136.662660 0.099382064104
1905460717.963034 0.090264053526
1949844599.757826 0.081174692959
1995262314.968654 0.072122032339
2041737944.669298 0.063104814990
2089296130.853801 0.054145521049
2137962089.501988 0.045251457302
2187761623.949301 0.036418901130
2238721138.568081 0.027617868463
2290867652.767508 0.018808040162
2344228815.319649 0.009987041814
2398832919.019210 0.001165779455
2454708915.684742 -0.007663179202
2511886431.509284 -0.016506862684
2570395782.768560 -0.025377884937
2630267991.895070 -0.034310037895
2691534803.926595 -0.043327748534
2754228703.337837 -0.052441177942
2818382931.264115 -0.061637413671
2884031503.126258 -0.070912244911
2951209226.666028 -0.080253280165
3019951720.401649 -0.089639042607
3090295432.513213 -0.099045845908
3162277660.167991 -0.108441895447
3235936569.295884 -0.117813357832
3311311214.825501 -0.127158666536
3388441561.391605 -0.136449950644
3467368504.524884 -0.145684623311
3548133892.335310 -0.154882905348
3630780547.700557 -0.164057643050
3715352290.971257 -0.173205649934
3801893963.205131 -0.182324631977
3890451449.942311 -0.191414616484
3981071705.534464 -0.200467216818
4073802778.040606 -0.209483801061
4168693834.702818 -0.218440917929
4265795188.015376 -0.227330908641
4365158322.401094 -0.236157494718
4466835921.509050 -0.244951710919
4570881896.148153 -0.253755393316
4677351412.871369 -0.262570828102
4786300923.225754 -0.271386502088
4897788193.683815 -0.280210044441
5011872336.272058 -0.289048618608
5128613839.912967 -0.297915174286
5248074602.497025 -0.306844779328
5370317963.701808 -0.315862773221
5495408738.575506 -0.324979730010
5623413251.902732 -0.334182223325
5754399373.370790 -0.343466030839
5888436553.555089 -0.352818440216
6025595860.742755 -0.362217309038
6165950018.613977 -0.371638226237
6309573444.801065 -0.381048269759
6456542290.345665 -0.390433233122
6606934480.075046 -0.399791703211
6760829753.918879 -0.409094671303
6918309709.188400 -0.418339491356
7079457843.840389 -0.427547282171
7244359600.748883 -0.436731433584
7413102413.008131 -0.445888597825
7585775750.290766 -0.455016386271
7762471166.285816 -0.464114857005
7943282347.241684 -0.473175248681
8128305161.639832 -0.482199056964
8317637711.025518 -0.491161747039
8511380382.022541 -0.500055267920
8709635899.559549 -0.508883337799
8912509381.336164 -0.517678161500
9120108393.557772 -0.526483266785
9332543007.968550 -0.535300837789
9549925860.212963 -0.544118680550
9772372209.556673 -0.552944642647
9999999999.998528 -0.561786035024
10232929922.806030 -0.570656178020
10471285480.507442 -0.579591561795
10715193052.374470 -0.588618542228
10964781961.430214 -0.597748153840
11220184543.017954 -0.606966395323
11481536214.967104 -0.616269034942
11748975549.393524 -0.625643005828
12022644346.172312 -0.635065426571
12302687708.121950 -0.644511082176
12589254117.939756 -0.653945794449
12882495516.929373 -0.663354944984
13182567385.562052 -0.672737298651
13489628825.914463 -0.682062574543
13803842646.026720 -0.691328062457
14125375446.225359 -0.700555888588
14454397707.457033 -0.709760052216
14791083881.679773 -0.718937025272
15135612484.359718 -0.728084314595
15488166189.122389 -0.737202015170
15848931924.608646 -0.746280946911
16218100973.586744 -0.755322752699
16595869074.372984 -0.764301683214
16982436524.614752 -0.773209248755
17378008287.490990 -0.782049161604
17782794100.386391 -0.790854936009
18197008586.096924 -0.799671995520
18620871366.625687 -0.808502405528
19054607179.629406 -0.817333204911
19498445997.577305 -0.826172484737
19952623149.685566 -0.835027717738
20417379446.691975 -0.843912635058
20892961308.536991 -0.852865319827
21379620895.018826 -0.861913265121
21877616239.491940 -0.871068021096
22387211385.679714 -0.880314939750
22908676527.673954 -0.889649782739
23442288153.195343 -0.899059089692
23988329190.190926 -0.908519154981
24547089156.846218 -0.918003867987
25118864315.091610 -0.927477644494
25703957827.684338 -0.936925409767
26302679918.949406 -0.946346136704
26915348039.264626 -0.955708115166
27542287033.377014 -0.965008565685
28183829312.639767 -0.974270750811
28840315031.261162 -0.983509356927
29512092266.658833 -0.992720653611
30199517204.015003 -1.001902031994
30902954325.130611 -1.011053631784
31622776601.678360 -1.020165802945
32359365692.957253 -1.029240359633
33113112148.253387 -1.038250184590
33884415613.914383 -1.047186295412
34673685045.247139 -1.056052395609
35481338923.351364 -1.064883472615
36307805477.003792 -1.073727085611
37153522909.710747 -1.082585161010
38018939632.049438 -1.091443868558
38904514499.421204 -1.100311572253
39810717055.342690 -1.109195922936
40738027780.404053 -1.118111109035
41686938347.026131 -1.127097006773
42657951880.151665 -1.136182387659
43651583224.008797 -1.145379381780
44668359215.088310 -1.154672609419
45708818961.479294 -1.164057829280
46773514128.711395 -1.173521142116
47863009232.255188 -1.183037918543
48977881936.835747 -1.192581045571
50118723362.718124 -1.202113357452
51286138399.127144 -1.211619272214
52480746024.967674 -1.221098007842
53703179637.015442 -1.230516240416
54954087385.752365 -1.239871116203
56234132519.024559 -1.249187187232
57543993733.705070 -1.258479919166
58884365535.548004 -1.267745353589
60255958607.424599 -1.276980753411
61659500186.136749 -1.286186313211
63095734448.007553 -1.295351853176
64565422903.453476 -1.304479388565
66069344800.747215 -1.313540253436
67608297539.185471 -1.322524909873
69183097091.880615 -1.331437049599
70794578438.400406 -1.340313327081
72443596007.485275 -1.349203720867
74131024130.077667 -1.358109993705
75857757502.903931 -1.367017325096
77624711662.854355 -1.375934386845
79432823472.412949 -1.384869026653
81283051616.394333 -1.393835944367
83176377110.251099 -1.402877045417
85113803820.221222 -1.412022545774
87096358995.591217 -1.421285230704
89125093813.357269 -1.430648887224
91201083935.573242 -1.440109275770
93325430079.680923 -1.449652005015
95499258602.124939 -1.459251404806
97723722095.561935 -1.468879234816
99999999999.980362 -1.478496541027
102329299228.055267 -1.488087175757
104712854805.069290 -1.497650648247
107151930523.739441 -1.507151802666
109647819614.296753 -1.516587706570
112201845430.174042 -1.525984384726
114815362149.665390 -1.535358192368
117489755493.929489 -1.544704913199
120226443461.717209 -1.554021668018
123026877081.213455 -1.563308719607
125892541179.391388 -1.572555288235
128824955169.287415 -1.581763627677
131825673855.614059 -1.590903309195
134896288259.138016 -1.599964166144
138038426460.260437 -1.608949875653
141253754462.246643 -1.617898990486
144543977074.563232 -1.626864246654
147910838816.790466 -1.635847212932
151356124843.589752 -1.644831933818
154881661891.216278 -1.653827430659
158489319246.078674 -1.662841769765
162181009735.859497 -1.671890225858
165958690743.721680 -1.681017014017
169824365246.139191 -1.690253990958
173780082874.901367 -1.699614685532
177827941003.855194 -1.709081929104
181970085860.960297 -1.718651489733
186208713666.247711 -1.728308421085
190546071796.284698 -1.738025873725
194984459975.763489 -1.747774332812
199526231496.845856 -1.757512811005
204173794466.909729 -1.767224527678
208929613085.359650 -1.776909341441
213796208950.177765 -1.786530005211
218776162394.908661 -1.796083504692
223872113856.786163 -1.805597558643
229086765276.728271 -1.815089544970
234422881531.941925 -1.824554954628
239883291901.897461 -1.833990751117
245470891568.450134 -1.843397283198
251188643150.903778 -1.852763088707
257039578276.830750 -1.862090707479
263026799189.481140 -1.871347692887
269153480392.633057 -1.880523164182
275422870333.756653 -1.889620781961
281838293126.383850 -1.898681275645
288403150312.597473 -1.907760544740
295120922666.573792 -1.916859926607
301995172040.135193 -1.925962156592
309029543251.290955 -1.935076656150
316227766016.768066 -1.944211735673
323593656929.556641 -1.953383319771
331131121482.517639 -1.962638268613
338844156139.127197 -1.972010313093
346736850452.454346 -1.981513829856
354813389233.496216 -1.991130545644
363078054770.020081 -2.000856243366
371535229097.089172 -2.010675346533
380189396320.475708 -2.020559661176
389045144994.192932 -2.030478223461
398107170553.407349 -2.040387720346
407380277804.020569 -2.050270660933
416869383470.240845 -2.060127327203
426579518801.495728 -2.069918070573
436515832240.066528 -2.079639794390
446683592150.861145 -2.089322181082
457088189614.770508 -2.098983793417
467735141287.091003 -2.108619788938
478630092322.528381 -2.118226957655
489778819368.333435 -2.127805758388
501187233627.156677 -2.137343949207
512861383991.246277 -2.146844417305
524807460249.651001 -2.156272392504
537031796370.128052 -2.165616180553
549540873857.496704 -2.174879425741
562341325190.218018 -2.184105372517
575439937337.022461 -2.193353575683
588843655355.451050 -2.202625094673
602559586074.216431 -2.211901144777
616595001861.337158 -2.221191609702
630957344480.044556 -2.230505074225
645654229034.503052 -2.239858202338
660693448007.439697 -2.249300903616
676082975391.821533 -2.258869062455
691830970918.772095 -2.268578026420
707945784383.969360 -2.278408234281
724435960074.817261 -2.288355492358
741310241300.740356 -2.298403503197
758577575029.002075 -2.308522529408
776247116628.505371 -2.318679949841
794328234724.090454 -2.328829774452
812830516163.903320 -2.338953713284
831763771102.470093 -2.349052567090
851138038202.170532 -2.359083912327
870963589955.869507 -2.369044574335
891250938133.529053 -2.378966531451
912010839355.687744 -2.388869731059
933254300796.763428 -2.398748949980
954992586021.202515 -2.408600788276
977237220955.571289 -2.418425847979
999999999999.754639 -2.428210992416
1023292992280.502441 -2.437959536424
1047128548050.641479 -2.447634017940
1071519305237.341919 -2.457221814068
1096478196142.913818 -2.466726557559
1122018454301.685303 -2.476194423877
1148153621496.597656 -2.485689224419
1174897554939.237061 -2.495211682620
1202264434617.113037 -2.504741236567
1230268770812.074219 -2.514288309948
1258925411793.852051 -2.523861798674
1288249551692.810791 -2.533479214149
1318256738556.075928 -2.543194006753
1348962882591.313965 -2.553044550712
1380384264602.536621 -2.563047310161
1412537544622.397217 -2.573181207354
1445439770745.561523 -2.583442081581
1479108388167.832031 -2.593812803139
1513561248435.823242 -2.604261849430
1548816618912.086914 -2.614754691264
1584893192460.708984 -2.625242236313
1621810097358.515137 -2.635705294097
1659586907437.135498 -2.646145308781
1698243652461.308350 -2.656516629482
1737800828748.928467 -2.666816016554
1778279410038.464600 -2.677078158488
1819700858609.513672 -2.687324636248
1862087136662.385742 -2.697549791281
1905460717962.753418 -2.707750018421
1949844599757.539062 -2.717926109395
1995262314968.360596 -2.728063897024
2041737944668.997314 -2.738167230779
2089296130853.493896 -2.748195510466
2137962089501.672852 -2.758135052567
2187761623948.979248 -2.767989492006
2238721138567.751953 -2.777808453317
2290867652767.170410 -2.787660747423
2344228815319.304199 -2.797546688896
2398832919018.856934 -2.807443623035
2454708915684.380859 -2.817362612783
2511886431508.914551 -2.827312910937
2570395782768.181152 -2.837313008630
2630267991894.682129 -2.847420499742
2691534803926.198242 -2.857676655878
2754228703337.431152 -2.868099229815
2818382931263.699707 -2.878665338251
2884031503125.833008 -2.889370862966
2951209226665.593262 -2.900197703220
3019951720401.204102 -2.911112253788
3090295432512.757812 -2.922077772975
3162277660167.525879 -2.933041547154
3235936569295.407715 -2.943983370432
3311311214825.013672 -2.954905495657
3388441561391.105957 -2.965758493238
3467368504524.373535 -2.976539086770
3548133892334.788086 -2.987285198472
3630780547700.022461 -2.998020357404
3715352290970.709473 -3.008738407298
3801893963204.570801 -3.019435526506
3890451449941.738770 -3.030112762872
3981071705533.878418 -3.040754758942
4073802778040.005371 -3.051366044158
4168693834702.204102 -3.061902336949
4265795188014.747559 -3.072348744963
4365158322400.451172 -3.082708936017
4466835921508.392578 -3.093036638691
4570881896147.480469 -3.103406592183
4677351412870.680664 -3.113818610478
4786300923225.048828 -3.124247556342
4897788193683.093750 -3.134705262002
5011872336271.320312 -3.145201396087
5128613839912.210938 -3.155755594553
5248074602496.252930 -3.166430341450
5370317963701.016602 -3.177270302723
5495408738574.697266 -3.188294722001
5623413251901.903320 -3.199478538662
5754399373369.942383 -3.210817683918
5888436553554.221680 -3.222292909105
6025595860741.868164 -3.233868155351
6165950018613.069336 -3.245504094825
6309573444800.136719 -3.257143753680
6456542290344.713867 -3.268765782761
6606934480074.072266 -3.280373466315
6760829753917.882812 -3.291912920100
6918309709187.381836 -3.303380885770
7079457843839.346680 -3.314819191442
7244359600747.817383 -3.326253717709
7413102413007.039062 -3.337677741187
7585775750289.648438 -3.349087221799
7762471166284.672852 -3.360483560376
7943282347240.514648 -3.371850022766
8128305161638.634766 -3.383192020002
8317637711024.292969 -3.394460925314
8511380382021.287109 -3.405640477532
8709635899558.266602 -3.416734439948
8912509381334.851562 -3.427801488144
9120108393556.429688 -3.438923466209
9332543007967.175781 -3.450099571847
9549925860211.556641 -3.461301701279
9772372209555.234375 -3.472542631518
9999999999997.054688 -3.483832526327
10232929922804.523438 -3.495192377427
10471285480505.900391 -3.506690494537
10715193052372.892578 -3.518375547507
10964781961428.599609 -3.530268505512
11220184543016.302734 -3.542341642833
11481536214965.412109 -3.554590938889
11748975549391.794922 -3.566995765392
12022644346170.541016 -3.579517138992
12302687708120.138672 -3.592112681470
12589254117937.902344 -3.604720364723
12882495516927.476562 -3.617317558648
13182567385560.111328 -3.629908884428
13489628825912.476562 -3.642435170300
13803842646024.687500 -3.654893277481
14125375446223.279297 -3.667329818635
14454397707454.904297 -3.679773552509
14791083881677.595703 -3.692217114787
15135612484357.490234 -3.704656264096
15488166189120.107422 -3.717092898610
15848931924606.312500 -3.729508693718
16218100973584.355469 -3.741910228277
16595869074370.539062 -3.754243717638
16982436524612.250000 -3.766491372730
17378008287488.431641 -3.778657174456
17782794100383.773438 -3.790805853485
18197008586094.242188 -3.803027872365
18620871366622.945312 -3.815321666660
19054607179626.597656 -3.827655562437
19498445997574.433594 -3.840043526835
19952623149682.625000 -3.852496331108
20417379446688.968750 -3.865036600617
20892961308533.914062 -3.877739657778
21379620895015.679688 -3.890658927774
21877616239488.718750 -3.903817370643
22387211385676.417969 -3.917183940297
22908676527670.578125 -3.930754643014
23442288153191.890625 -3.944507156875
23988329190187.394531 -3.958398963630
24547089156842.605469 -3.972384048888
25118864315087.910156 -3.986394333134
25703957827680.550781 -4.000405766397
26302679918945.531250 -4.014424734304
26915348039260.664062 -4.028385747654
27542287033372.957031 -4.042285971516
28183829312635.617188 -4.056177976124
28840315031256.914062 -4.070094099624
29512092266654.484375 -4.084026265348
30199517204010.558594 -4.097970084798
30902954325126.062500 -4.111928173604
31622776601673.703125 -4.125880379872
32359365692952.488281 -4.139834867008
33113112148248.511719 -4.153731699020
33884415613909.394531 -4.167551430591
34673685045242.035156 -4.181298494159
35481338923346.140625 -4.195045169522
36307805476998.445312 -4.208892519362
37153522909705.273438 -4.222838033942
38018939632043.843750 -4.236845715056
38904514499415.476562 -4.250931077071
39810717055336.828125 -4.265105667361
40738027780398.054688 -4.279394125399
41686938347019.992188 -4.293880314447
42657951880145.382812 -4.308623344123
43651583224002.367188 -4.323648448927
44668359215081.734375 -4.338920356826
45708818961472.562500 -4.354435034388
46773514128704.507812 -4.370168022199
47863009232248.140625 -4.386072453987
48977881936828.539062 -4.402097925403
50118723362710.750000 -4.418169038626
51286138399119.593750 -4.434260203364
52480746024959.953125 -4.450380181054
53703179637007.531250 -4.466455890323
54954087385744.273438 -4.482485133527
56234132519016.273438 -4.498528043576
57543993733696.601562 -4.514621493282
58884365535539.328125 -4.530756639569
60255958607415.726562 -4.546929071238
61659500186127.664062 -4.563142465160
63095734447998.265625 -4.579374597765
64565422903443.968750 -4.595635840558
66069344800737.484375 -4.611858900754
67608297539175.515625 -4.628022644546
69183097091870.421875 -4.644132402053
70794578438389.984375 -4.660270078803
72443596007474.609375 -4.676549986048
74131024130066.750000 -4.692968440826
75857757502892.765625 -4.709484180940
77624711662842.921875 -4.726114811614
79432823472401.250000 -4.742872925132
81283051616382.359375 -4.759785721432
83176377110238.843750 -4.776947604980
85113803820208.703125 -4.794424517557
87096358995578.390625 -4.812244233033
89125093813344.156250 -4.830365958527
91201083935559.812500 -4.848785456207
93325430079667.171875 -4.867475469159
95499258602110.875000 -4.886383661721
97723722095547.546875 -4.905454244242
99999999999965.640625 -4.924602869382
102329299228040.203125 -4.943802346771
104712854805053.875000 -4.963064709072
107151930523723.671875 -4.982307711441
109647819614280.609375 -5.001530400955
112201845430157.515625 -5.020802734029
114815362149648.484375 -5.040167453279
117489755493912.187500 -5.059614943454
120226443461699.515625 -5.079141027163
123026877081195.343750 -5.098750992982
125892541179372.843750 -5.118420333453
128824955169268.437500 -5.138162588972
131825673855594.640625 -5.157901674542
134896288259118.156250 -5.177614971114
138038426460240.109375 -5.197309562014
141253754462225.843750 -5.217079971465
144543977074541.968750 -5.237057384810
147910838816768.687500 -5.257236666895
151356124843567.468750 -5.277570132978
154881661891193.468750 -5.298078347843
158489319246055.343750 -5.318775403083
162181009735835.593750 -5.339691889086
165958690743697.250000 -5.360935421251
169824365246114.156250 -5.382580178644
173780082874875.781250 -5.404656627044
177827941003829.000000 -5.427116523857
181970085860933.500000 -5.449955051111
186208713666220.312500 -5.473141113638
190546071796256.625000 -5.496615289864
194984459975734.750000 -5.520315043837
199526231496816.468750 -5.544144945019
204173794466879.687500 -5.568076291847
208929613085328.875000 -5.592125733964
213796208950146.281250 -5.616199952280
218776162394876.437500 -5.640300361490
223872113856753.187500 -5.664510035340
229086765276694.562500 -5.688879506335
234422881531907.406250 -5.713398491025
239883291901862.156250 -5.738063550871
245470891568414.000000 -5.762882490089
251188643150866.781250 -5.787828428346
257039578276792.906250 -5.812919601873
263026799189442.406250 -5.838069494838
269153480392593.406250 -5.863254737438
275422870333716.062500 -5.888485827955
281838293126342.312500 -5.913874411388
288403150312555.000000 -5.939573651244
295120922666530.375000 -5.965576627744
301995172040090.750000 -5.991827842796
309029543251245.437500 -6.018352281257
316227766016721.500000 -6.045166345445
323593656929509.000000 -6.072305359456
331131121482468.875000 -6.099893794583
338844156139077.312500 -6.128015743039
346736850452403.312500 -6.156704178282
354813389233444.000000 -6.185900392143
363078054769966.625000 -6.215598153883
371535229097034.500000 -6.245760778435
380189396320419.750000 -6.276319294731
389045144994135.687500 -6.307202468782
398107170553348.750000 -6.338300940519
407380277803960.562500 -6.369584917046
416869383470179.500000 -6.401077743533
426579518801432.875000 -6.432672778055
436515832240002.250000 -6.464375922314
446683592150795.375000 -6.496288357539
457088189614703.187500 -6.528471253829
467735141287022.125000 -6.560913992573
478630092322457.937500 -6.593614849522
489778819368261.312500 -6.626585666413
501187233627082.875000 -6.659797422953
512861383991170.750000 -6.693275556752
524807460249573.750000 -6.726921426862
537031796370049.000000 -6.760712811084
549540873857415.812500 -6.794666911902
562341325190135.187500 -6.828919610174
575439937336937.750000 -6.863653470244
588843655355364.375000 -6.898859406139
602559586074127.625000 -6.934472536958
616595001861246.375000 -6.970524853943
630957344479951.750000 -7.007036593286
645654229034408.000000 -7.044050138421
660693448007342.375000 -7.081711928542
676082975391722.000000 -7.120117837901
691830970918670.250000 -7.159302296729
707945784383865.125000 -7.199191143218
724435960074710.625000 -7.239774895493
741310241300631.125000 -7.281008120532
758577575028890.375000 -7.322808281393
776247116628391.125000 -7.365092462438
794328234723973.500000 -7.407733476285
812830516163783.625000 -7.450701570260
831763771102347.625000 -7.494030086258
851138038202045.125000 -7.537596610986
870963589955741.250000 -7.581415639272
891250938133397.750000 -7.625614364688
912010839355553.375000 -7.670268955587
933254300796626.000000 -7.715369246299
954992586021061.875000 -7.760917100526
977237220955427.500000 -7.806931020830
999999999999607.375000 -7.853380826292
