2.000000e+06 39.085047 26.875168 52.639200 
4.000000e+06 39.076993 26.839699 52.254424 
6.000000e+06 38.911256 26.664092 51.720817 
8.000000e+06 38.738185 26.481135 51.261837 
1.000000e+07 38.633666 26.344680 50.771822 
1.200000e+07 38.531720 26.221646 50.294642 
1.400000e+07 38.430360 26.102713 49.929987 
1.600000e+07 38.335518 25.998288 49.633945 
1.800000e+07 38.269688 25.919302 49.412483 
2.000000e+07 38.208767 25.847510 49.230838 
2.200000e+07 38.149724 25.777853 49.057459 
2.400000e+07 38.099983 25.718981 48.908025 
2.600000e+07 38.051238 25.661741 48.774741 
2.800000e+07 38.010375 25.612843 48.650558 
3.000000e+07 37.970483 25.564436 48.544542 
3.200000e+07 37.932115 25.516080 48.423935 
3.400000e+07 37.900568 25.477273 48.335496 
3.600000e+07 37.868284 25.436935 48.251591 
3.800000e+07 37.836054 25.396452 48.160073 
4.000000e+07 37.804761 25.356941 48.073272 
4.200000e+07 37.782135 25.328471 48.010839 
4.400000e+07 37.758400 25.298335 47.949613 
4.700000e+07 37.726687 25.257720 47.859590 
4.900000e+07 37.702910 25.227546 47.793805 
5.000000e+07 37.686998 25.207599 47.754270 
5.200000e+07 37.663687 25.177992 47.693827 
5.400000e+07 37.639976 25.147875 47.630604 
5.700000e+07 37.616492 25.117655 47.564511 
5.800000e+07 37.600715 25.097540 47.521706 
6.000000e+07 37.585481 25.078525 47.484360 
6.300000e+07 37.560579 25.047098 47.422977 
6.400000e+07 37.543508 25.026166 47.386367 
6.600000e+07 37.527340 25.005637 47.340915 
6.800000e+07 37.510834 24.984694 47.298778 
7.000000e+07 37.494450 24.963777 47.254358 
7.200000e+07 37.478447 24.943346 47.210884 
7.400000e+07 37.461848 24.922195 47.166449 
7.600000e+07 37.445822 24.902059 47.128472 
7.800000e+07 37.429307 24.880452 47.082784 
8.100000e+07 37.413233 24.860732 47.048133 
8.300000e+07 37.396980 24.840416 47.011190 
8.400000e+07 37.389420 24.829658 46.981677 
8.700000e+07 37.372410 24.808094 46.936003 
8.900000e+07 37.356002 24.786768 46.888838 
9.000000e+07 37.348070 24.776459 46.866664 
9.300000e+07 37.331664 24.755054 46.820101 
9.400000e+07 37.323860 24.745575 46.802446 
9.700000e+07 37.307192 24.724058 46.759782 
9.800000e+07 37.299095 24.713695 46.738895 
1.010000e+08 37.283009 24.692866 46.696368 
1.030000e+08 37.274866 24.682390 46.675060 
1.050000e+08 37.258733 24.662069 46.639612 
1.070000e+08 37.250295 24.650635 46.606960 
1.080000e+08 37.241913 24.639670 46.581436 
1.120000e+08 37.225575 24.617921 46.531727 
1.130000e+08 37.216917 24.606860 46.506711 
1.150000e+08 37.208605 24.596082 46.481882 
1.160000e+08 37.200012 24.584794 46.456024 
1.180000e+08 37.192238 24.574906 46.435447 
1.210000e+08 37.175563 24.553712 46.393871 
1.230000e+08 37.167836 24.543658 46.372893 
1.250000e+08 37.159313 24.532852 46.351253 
1.270000e+08 37.150859 24.521943 46.327936 
1.280000e+08 37.142673 24.511431 46.306622 
1.300000e+08 37.134069 24.500510 46.283616 
1.320000e+08 37.125827 24.490159 46.262603 
1.360000e+08 37.108878 24.467803 46.211549 
1.380000e+08 37.100773 24.456636 46.185730 
1.400000e+08 37.091516 24.445534 46.161304 
1.420000e+08 37.083742 24.434462 46.135881 
1.440000e+08 37.074377 24.423089 46.109440 
1.460000e+08 37.066677 24.412146 46.084716 
1.480000e+08 37.057847 24.401058 46.058566 
1.500000e+08 37.049740 24.389611 46.030640 
1.520000e+08 37.041385 24.378874 46.006087 
1.540000e+08 37.033955 24.369360 45.988369 
1.560000e+08 37.025901 24.359162 45.969861 
1.590000e+08 37.016761 24.347045 45.943644 
1.610000e+08 37.008680 24.336339 45.921018 
1.630000e+08 37.000259 24.325363 45.898360 
1.650000e+08 36.992131 24.315079 45.880808 
1.680000e+08 36.983615 24.304335 45.858426 
1.700000e+08 36.975743 24.293402 45.836331 
1.730000e+08 36.966813 24.282008 45.810342 
1.750000e+08 36.958968 24.270967 45.787434 
1.780000e+08 36.950220 24.259764 45.764192 
1.800000e+08 36.942102 24.248297 45.733974 
1.830000e+08 36.933892 24.237176 45.710748 
1.850000e+08 36.925186 24.225953 45.683942 
1.880000e+08 36.917003 24.214168 45.656297 
1.900000e+08 36.908532 24.202970 45.630508 
1.930000e+08 36.900190 24.191128 45.601997 
1.960000e+08 36.891882 24.179988 45.577450 
1.990000e+08 36.883539 24.168700 45.551335 
2.010000e+08 36.874643 24.156264 45.519171 
2.040000e+08 36.867481 24.147019 45.501955 
2.070000e+08 36.859739 24.136391 45.483569 
2.100000e+08 36.851382 24.125011 45.463917 
2.130000e+08 36.842899 24.113470 45.439450 
2.160000e+08 36.834802 24.102404 45.417837 
2.190000e+08 36.826367 24.091193 45.395499 
2.220000e+08 36.818489 24.080150 45.375746 
2.260000e+08 36.810250 24.068782 45.355572 
2.290000e+08 36.802106 24.057872 45.334475 
2.320000e+08 36.793865 24.046172 45.311167 
2.350000e+08 36.785670 24.034394 45.287630 
2.390000e+08 36.777259 24.023380 45.269631 
2.420000e+08 36.768799 24.010712 45.232046 
2.450000e+08 36.760524 23.998782 45.206289 
2.490000e+08 36.752414 23.987654 45.184189 
2.520000e+08 36.743777 23.975181 45.155475 
2.560000e+08 36.735503 23.963593 45.131527 
2.600000e+08 36.727022 23.951877 45.107537 
2.630000e+08 36.718300 23.938823 45.074533 
2.670000e+08 36.709798 23.926537 45.046817 
2.710000e+08 36.701558 23.914790 45.023465 
2.750000e+08 36.692704 23.902425 44.995818 
2.790000e+08 36.684316 23.890216 44.966295 
2.820000e+08 36.676996 23.880036 44.950267 
2.860000e+08 36.669036 23.869446 44.935269 
2.910000e+08 36.660723 23.857602 44.915872 
2.950000e+08 36.651342 23.844567 44.890272 
2.990000e+08 36.643082 23.832814 44.868654 
3.030000e+08 36.635154 23.821692 44.854196 
3.070000e+08 36.627075 23.810034 44.831006 
3.120000e+08 36.618723 23.798537 44.812919 
3.160000e+08 36.610468 23.786493 44.788150 
3.210000e+08 36.602582 23.775005 44.770004 
3.250000e+08 36.594269 23.762961 44.748507 
3.300000e+08 36.586157 23.751096 44.725064 
3.340000e+08 36.578247 23.740002 44.710773 
3.390000e+08 36.569575 23.727571 44.692816 
3.440000e+08 36.560317 23.711875 44.636265 
3.490000e+08 36.551819 23.699016 44.610124 
3.540000e+08 36.543452 23.686712 44.585507 
3.590000e+08 36.534943 23.673897 44.559613 
3.640000e+08 36.526166 23.660027 44.528619 
3.690000e+08 36.517817 23.648186 44.502833 
3.740000e+08 36.509543 23.635418 44.474812 
3.800000e+08 36.500774 23.621770 44.444187 
3.850000e+08 36.492357 23.608904 44.417179 
3.910000e+08 36.483509 23.595580 44.385682 
3.960000e+08 36.474596 23.581546 44.352536 
4.020000e+08 36.467524 23.571187 44.335859 
4.070000e+08 36.459638 23.559299 44.315293 
4.130000e+08 36.450742 23.546183 44.290075 
4.190000e+08 36.442455 23.533581 44.268582 
4.250000e+08 36.433886 23.520297 44.244623 
4.310000e+08 36.425568 23.507343 44.220885 
4.370000e+08 36.417705 23.495144 44.198424 
4.430000e+08 36.408788 23.481239 44.169571 
4.500000e+08 36.400790 23.468779 44.146513 
4.560000e+08 36.392706 23.455678 44.120916 
4.620000e+08 36.384751 23.443208 44.098639 
4.690000e+08 36.375792 23.429165 44.068411 
4.760000e+08 36.369011 23.418487 44.049692 
4.820000e+08 36.361526 23.406658 44.030095 
4.890000e+08 36.353121 23.393211 44.006026 
4.960000e+08 36.344726 23.379954 43.982908 
5.030000e+08 36.336034 23.366938 43.957862 
5.100000e+08 36.327865 23.354568 43.938559 
5.170000e+08 36.319636 23.341077 43.912122 
5.250000e+08 36.311399 23.328084 43.888569 
5.320000e+08 36.302888 23.314715 43.865649 
5.400000e+08 36.293732 23.301172 43.839751 
5.470000e+08 36.285540 23.288206 43.818274 
5.550000e+08 36.277745 23.276032 43.797946 
5.630000e+08 36.271036 23.266648 43.785208 
5.710000e+08 36.263563 23.255237 43.768270 
5.790000e+08 36.254129 23.241622 43.744836 
5.870000e+08 36.245414 23.228248 43.726193 
5.960000e+08 36.237614 23.216965 43.709549 
6.040000e+08 36.229268 23.204019 43.689705 
6.130000e+08 36.218734 23.187565 43.666026 
6.210000e+08 36.207790 23.169753 43.640533 
6.300000e+08 36.197999 23.155036 43.618806 
6.390000e+08 36.187174 23.139343 43.592832 
6.480000e+08 36.174651 23.119051 43.564464 
6.570000e+08 36.160819 23.095975 43.534167 
6.670000e+08 36.145964 23.071597 43.503621 
6.760000e+08 36.129822 23.043289 43.465228 
6.860000e+08 36.114048 23.016117 43.430160 
6.950000e+08 36.100005 22.991938 43.396814 
7.050000e+08 36.082691 22.960337 43.354795 
7.150000e+08 36.066395 22.930149 43.313151 
7.260000e+08 36.051847 22.905592 43.280989 
7.360000e+08 36.034426 22.871517 43.231585 
7.460000e+08 36.017415 22.839242 43.186553 
7.570000e+08 35.999219 22.803227 43.136442 
7.680000e+08 35.981441 22.767666 43.086198 
7.780000e+08 35.968026 22.744483 43.057628 
7.890000e+08 35.952331 22.717351 43.029777 
8.010000e+08 35.934611 22.680560 42.988245 
8.120000e+08 35.919600 22.655439 42.964570 
8.230000e+08 35.902053 22.621289 42.920959 
8.350000e+08 35.886342 22.594950 42.896769 
8.470000e+08 35.869554 22.565242 42.865092 
8.590000e+08 35.850546 22.525218 42.811054 
8.710000e+08 35.833834 22.491102 42.771664 
8.840000e+08 35.816491 22.456659 42.732497 
8.960000e+08 35.798206 22.415479 42.683638 
9.090000e+08 35.781035 22.380638 42.642098 
9.220000e+08 35.760853 22.334998 42.592174 
9.350000e+08 35.746448 22.304661 42.566562 
9.480000e+08 35.727112 22.266510 42.527084 
9.610000e+08 35.708763 22.232274 42.496892 
9.750000e+08 35.689839 22.194203 42.460476 
9.890000e+08 35.669605 22.148990 42.414407 
1.003000e+09 35.649453 22.105223 42.372556 
1.017000e+09 35.631106 22.080614 42.346752 
1.032000e+09 35.608358 22.018094 42.276634 
1.046000e+09 35.587086 21.965629 42.229098 
1.061000e+09 35.564166 21.908514 42.176566 
1.076000e+09 35.541785 21.849812 42.126405 
1.091000e+09 35.517728 21.782820 42.071099 
1.107000e+09 35.494098 21.717225 42.018534 
1.123000e+09 35.467734 21.638683 41.962399 
1.138000e+09 35.444948 21.580318 41.918941 
1.155000e+09 35.420259 21.510609 41.871785 
1.171000e+09 35.395554 21.440804 41.825185 
1.188000e+09 35.366412 21.347449 41.771353 
1.204000e+09 35.339365 21.268125 41.723492 
1.221000e+09 35.311573 21.184435 41.679144 
1.239000e+09 35.280047 21.080159 41.625531 
1.256000e+09 35.245108 20.958564 41.567988 
1.274000e+09 35.207742 20.846062 41.512993 
1.292000e+09 35.170616 20.757540 41.460290 
1.311000e+09 35.132536 20.650934 41.409143 
1.329000e+09 35.133273 20.724363 41.418535 
1.348000e+09 35.045775 20.527304 41.310924 
1.367000e+09 34.968367 20.365776 41.230902 
1.386000e+09 34.922035 20.280828 41.177095 
1.406000e+09 34.878397 20.183111 41.131419 
1.426000e+09 34.842420 20.116491 41.086190 
1.446000e+09 34.810463 20.063823 41.045573 
1.467000e+09 34.771968 19.972483 41.005574 
1.488000e+09 34.739451 19.895927 40.961809 
1.509000e+09 34.706224 19.792109 40.917939 
1.530000e+09 34.673228 19.719655 40.884476 
1.552000e+09 34.643243 19.669038 40.844572 
1.574000e+09 34.617901 19.623596 40.809901 
1.596000e+09 34.588926 19.613169 40.770440 
1.619000e+09 34.549889 19.474781 40.726964 
1.642000e+09 34.509840 19.378900 40.675614 
1.665000e+09 34.476858 19.279880 40.630169 
1.688000e+09 34.432036 19.171394 40.586394 
1.712000e+09 34.408492 19.133955 40.555181 
1.737000e+09 34.370579 19.061329 40.510488 
1.761000e+09 34.335601 19.017021 40.480584 
1.786000e+09 34.292940 18.936233 40.428526 
1.812000e+09 34.253288 18.864622 40.381641 
1.837000e+09 34.206910 18.772891 40.339139 
1.863000e+09 34.174725 18.720159 40.298669 
1.890000e+09 34.119336 18.652979 40.249055 
1.917000e+09 34.083899 18.590944 40.207577 
1.944000e+09 34.043646 18.541896 40.157535 
1.971000e+09 33.993349 18.486112 40.111215 
1.999000e+09 33.949753 18.431710 40.057589 
2.028000e+09 33.893710 18.369878 40.000282 
2.056000e+09 33.853839 18.322976 39.946218 
2.085000e+09 33.789822 18.254727 39.883863 
2.115000e+09 33.740895 18.202453 39.816255 
2.145000e+09 33.689945 18.144384 39.744489 
2.175000e+09 33.647020 18.108892 39.694113 
2.206000e+09 33.604082 18.065226 39.619607 
2.238000e+09 33.547326 18.019966 39.545671 
2.269000e+09 33.507311 17.975765 39.467931 
2.301000e+09 33.445137 17.926459 39.378857 
2.334000e+09 33.392281 17.876152 39.272737 
2.367000e+09 33.325452 17.831451 39.164423 
2.401000e+09 33.274467 17.789294 39.034341 
2.435000e+09 33.211770 17.750103 38.897379 
2.469000e+09 33.161333 17.707034 38.774731 
2.504000e+09 33.117337 17.675262 38.726519 
2.540000e+09 33.067124 17.627114 38.658397 
2.576000e+09 33.030848 17.589745 38.610095 
2.612000e+09 32.972901 17.546407 38.556121 
2.649000e+09 32.925249 17.501296 38.481638 
2.687000e+09 32.864204 17.456202 38.441187 
2.725000e+09 32.793320 17.403067 38.308174 
2.764000e+09 32.731562 17.362479 38.251142 
2.803000e+09 32.667164 17.311850 38.177754 
2.843000e+09 32.618534 17.272881 38.107318 
2.883000e+09 32.552711 17.227327 37.954381 
2.924000e+09 32.521363 17.189381 37.981905 
2.965000e+09 32.468125 17.149521 37.910861 
3.007000e+09 32.412249 17.100095 37.830459 
3.050000e+09 32.360608 17.060815 37.767258 
3.093000e+09 32.297244 17.010468 37.675691 
3.137000e+09 32.226769 16.961561 37.599273 
3.181000e+09 32.149360 16.913526 37.216658 
3.226000e+09 32.178571 16.906839 37.556711 
3.272000e+09 32.153929 16.877304 37.492253 
3.319000e+09 32.134095 16.852688 37.451450 
3.366000e+09 32.119325 16.832750 37.373193 
3.413000e+09 32.093083 16.805336 37.174681 
3.462000e+09 32.047547 16.768216 37.121175 
3.511000e+09 32.033917 16.748920 37.102916 
3.561000e+09 32.009989 16.723802 37.081497 
3.611000e+09 31.965579 16.689541 37.015271 
3.662000e+09 31.940817 16.675005 36.977175 
3.714000e+09 31.901542 16.646269 36.915384 
3.767000e+09 31.860821 16.621067 36.853167 
3.820000e+09 31.866475 16.609204 36.878506 
3.874000e+09 31.820208 16.583732 36.807254 
3.929000e+09 31.799834 16.564364 36.783232 
3.985000e+09 31.757818 16.530387 36.740706 
4.042000e+09 31.725079 16.503804 36.706250 
4.099000e+09 31.688331 16.475226 36.669308 
4.157000e+09 31.679252 16.459091 36.653978 
4.216000e+09 31.620243 16.422636 36.600173 
4.276000e+09 31.586402 16.394253 36.560222 
4.336000e+09 31.564510 16.371610 36.532123 
4.398000e+09 31.543990 16.347927 36.505213 
4.460000e+09 31.513430 16.318450 36.466995 
4.523000e+09 31.471072 16.287355 36.421154 
4.587000e+09 31.435782 16.254443 36.378776 
4.653000e+09 31.403730 16.225405 36.341456 
4.718000e+09 31.364535 16.192187 36.297038 
4.785000e+09 31.344457 16.169110 36.271642 
4.853000e+09 31.317350 16.140355 36.235560 
4.922000e+09 31.294623 16.116938 36.206775 
4.992000e+09 31.278104 16.093305 36.178349 
5.063000e+09 31.243202 16.059112 36.134333 
5.134000e+09 31.216460 16.027106 36.093839 
5.207000e+09 31.182959 15.990136 36.034619 
5.281000e+09 31.147855 15.951261 35.969568 
5.356000e+09 31.131024 15.928258 35.926291 
5.432000e+09 31.105104 15.897542 35.848790 
5.509000e+09 31.080387 15.868200 35.768960 
5.587000e+09 31.055486 15.834002 35.676221 
5.666000e+09 31.029290 15.802086 35.566130 
5.746000e+09 31.001724 15.768347 35.428370 
5.828000e+09 30.974895 15.730407 35.260941 
5.911000e+09 30.946386 15.694895 35.024865 
5.994000e+09 30.918514 15.660926 34.678035 
6.079000e+09 30.892711 15.623541 -1.693121 
6.165000e+09 30.873744 15.603217 34.056741 
6.253000e+09 30.844266 15.568160 -1.693121 
6.342000e+09 30.820956 15.536470 34.021370 
6.431000e+09 30.794143 15.504199 -1.693121 
6.523000e+09 30.769067 15.475046 -1.693121 
6.615000e+09 30.745504 15.442046 -1.693121 
6.709000e+09 30.722351 15.417445 33.863645 
6.804000e+09 30.698718 15.387643 33.870901 
6.900000e+09 30.676387 15.360379 34.195841 
6.998000e+09 30.651967 15.327113 -1.693121 
7.098000e+09 30.629294 15.298841 -1.693121 
7.198000e+09 30.605348 15.267648 -1.693121 
7.300000e+09 30.580809 15.235366 -1.693121 
7.404000e+09 30.555638 15.203005 -1.693121 
7.509000e+09 30.531871 15.171330 -1.693121 
7.615000e+09 30.509630 15.142959 -1.693121 
7.723000e+09 30.482881 15.107149 -1.693121 
7.833000e+09 30.466834 15.087915 -1.693121 
7.944000e+09 30.451340 15.069595 -1.693121 
8.056000e+09 30.434023 15.052385 -1.693121 
8.170000e+09 30.411737 15.025452 -1.693121 
8.286000e+09 30.391691 14.999479 -1.693121 
8.404000e+09 30.372710 14.977805 -1.693121 
8.523000e+09 30.358606 14.964965 -1.693121 
8.644000e+09 30.333277 14.931563 -1.693121 
8.766000e+09 30.316748 14.913407 -1.693121 
8.891000e+09 30.295027 14.886646 -1.693121 
9.017000e+09 30.278608 14.868608 -1.693121 
9.144000e+09 30.261760 14.852306 -1.693121 
9.274000e+09 30.236389 14.816042 -1.693121 
9.406000e+09 30.216868 14.793299 -1.693121 
9.539000e+09 30.198042 14.770080 -1.693121 
9.674000e+09 30.177923 14.746529 -1.693121 
9.811000e+09 30.156522 14.719382 -1.693121 
9.950000e+09 30.134447 14.693430 -1.693121 
1.009100e+10 30.113413 14.667046 -1.693121 
1.023500e+10 30.092659 14.644742 -1.693121 
1.038000e+10 30.065436 14.610064 -1.693121 
1.052700e+10 30.042219 14.583572 -1.693121 
1.067600e+10 30.017986 14.555239 -1.693121 
1.082700e+10 29.991992 14.524192 -1.693121 
1.098100e+10 29.990397 14.518154 -1.693121 
1.113700e+10 29.974995 14.506921 -1.693121 
1.129400e+10 29.948322 14.472983 -1.693121 
1.145500e+10 29.925120 14.446575 -1.693121 
1.161700e+10 29.899683 14.420001 -1.693121 
1.178200e+10 29.875759 14.392852 -1.693121 
1.194900e+10 29.852823 14.369102 -1.693121 
1.211800e+10 29.824353 14.333868 -1.693121 
1.229000e+10 29.800689 14.312362 -1.693121 
1.246400e+10 29.766844 14.269684 -1.693121 
1.264100e+10 29.735432 14.232988 -1.693121 
1.282000e+10 29.702524 14.197522 -1.693121 
1.300200e+10 29.669326 14.161491 -1.693121 
