4.100
4.150
4.200
4.250
4.300
4.350
4.400
4.450
4.500
4.550
4.600
4.650
4.700
4.750
4.800
4.850
4.900
4.950
5.000
5.050
5.100
5.150
5.200
5.250
5.300
5.350
5.400
5.450
5.500
5.550
5.600
5.650
5.700
5.750
5.800
5.850
5.900
5.950
6.000
6.050
6.100
6.150
6.200
6.250
6.300
6.350
6.400
6.450
6.500
6.550
6.600
6.650
6.700
6.750
6.800
6.850
6.900
6.950
7.000
7.050
7.100
7.150
7.200
7.250
7.300
7.350
7.400
7.450
7.500
7.550
7.600
7.650
7.700
7.750
7.800
7.850
7.900
7.950
8.000
8.050
8.100
8.150
8.200
8.250
8.300
8.350
8.400
8.450
8.500
