1.002
1.007
1.012
1.017
1.022
1.027
1.032
1.037
1.042
1.047
1.053
1.058
1.063
1.068
1.074
1.079
1.084
1.090
1.095
1.101
1.106
1.112
1.117
1.123
1.129
1.134
1.140
1.146
1.152
1.157
1.163
1.169
1.175
1.181
1.187
1.193
1.199
1.205
1.211
1.217
1.224
1.230
1.236
1.242
1.249
1.255
1.262
1.268
1.275
1.281
1.288
1.295
1.301
1.308
1.315
1.322
1.329
1.335
1.342
1.350
1.357
1.364
1.371
1.378
1.385
1.393
1.400
1.408
1.415
1.423
1.430
1.438
1.446
1.453
1.461
1.469
1.477
1.485
1.493
1.501
1.509
1.518
1.526
1.534
1.543
1.551
1.560
1.568
1.577
1.586
1.595
1.604
1.613
1.622
1.631
1.640
1.649
1.659
1.668
1.677
1.687
1.697
1.706
1.716
1.726
1.736
1.746
1.757
1.767
1.777
1.788
1.798
1.809
1.820
1.830
1.841
1.852
1.863
1.875
1.886
1.897
1.909
1.921
1.932
1.944
1.956
1.969
1.981
1.993
2.006
2.018
2.031
2.044
2.057
2.070
2.083
2.097
2.110
2.124
2.138
2.152
2.166
2.180
2.195
2.209
2.224
2.239
2.254
2.269
2.285
2.300
2.316
2.332
2.348
2.365
2.381
2.398
2.415
2.432
2.450
2.467
2.485
2.503
2.521
2.540
2.558
2.577
2.597
2.616
2.636
2.656
2.676
2.697
2.717
2.739
2.760
2.782
2.804
2.826
2.849
2.872
2.895
2.919
2.943
2.967
2.992
3.017
3.043
3.069
3.095
3.122
3.149
3.177
3.205
3.233
3.262
3.292
3.322
3.353
3.384
3.415
3.448
3.481
3.514
3.548
3.583
3.618
3.654
3.691
3.728
3.767
3.806
3.846
3.886
3.928
3.970
4.013
4.058
4.103
4.149
4.196
4.245
4.294
4.345
4.397
4.450
4.504
4.560
4.617
4.676
4.736
4.798
4.862
4.927
4.994
5.064
5.135
5.208
5.283
5.361
5.442
5.524
5.610
5.698
5.790
5.884
5.982
6.083
6.189
6.298
6.411
6.529
6.652
6.779
6.913
7.052
7.197
7.349
7.508
7.675
7.851
8.036
8.230
8.436
8.653
8.883
9.127
9.387
9.665
9.961
10.280
10.622
10.991
11.392
11.827
12.303
12.826
13.403
14.045
14.763
15.574
16.498
17.562
18.805
20.279
22.062
